
Config D  |  N=1000  p=6  parents_max=2  mechanism=linear
 Seed     Backend    SHD      F1    Prec     Rec   TP   FP   FN      R²    t(s)
--------------------------------------------------------------------------------
    0     sklearn    2.0   0.750   0.750   0.750    3    1    1   0.470    18.5
    0     xgboost    1.0   0.857   1.000   0.750    3    0    1   0.282    42.6
    1     sklearn    0.0   1.000   1.000   1.000    3    0    0   0.361    15.0
    1     xgboost    0.0   1.000   1.000   1.000    3    0    0   0.443    44.5
    2     sklearn    2.0   0.800   1.000   0.667    4    0    2   0.331     9.3
    2     xgboost    2.0   0.833   0.833   0.833    5    1    1   0.450    47.0
    3     sklearn    3.0   0.667   1.000   0.500    3    0    3   0.542    20.1
    3     xgboost    3.0   0.667   1.000   0.500    3    0    3   0.378    55.8
    4     sklearn    2.0   0.750   1.000   0.600    3    0    2   0.826    60.2
    4     xgboost    1.0   0.889   1.000   0.800    4    0    1   0.429    54.0
    5     sklearn    0.0   1.000   1.000   1.000    5    0    0   0.591    33.7
    5     xgboost    2.0   0.750   1.000   0.600    3    0    2   0.479    37.7
    6     sklearn    1.0   0.909   1.000   0.833    5    0    1   0.406    18.1
    6     xgboost    1.0   0.909   1.000   0.833    5    0    1   0.505    42.5
    7     sklearn    1.0   0.889   1.000   0.800    4    0    1   0.629    39.9
    7     xgboost    2.0   0.750   1.000   0.600    3    0    2   0.366    48.3
    8     sklearn    1.0   0.667   1.000   0.500    1    0    1   0.113    14.8
    8     xgboost    0.0   1.000   1.000   1.000    2    0    0   0.119    42.6
    9     sklearn    5.0   0.545   0.750   0.429    3    1    4   0.670    40.0
    9     xgboost    4.0   0.600   1.000   0.429    3    0    4   0.602    37.9
   10     sklearn    0.0   1.000   1.000   1.000    3    0    0   0.742    66.9
   10     xgboost    0.0   1.000   1.000   1.000    3    0    0   0.262    44.9
   11     sklearn    0.0   1.000   1.000   1.000    4    0    0   0.622    58.5
   11     xgboost    0.0   1.000   1.000   1.000    4    0    0   0.406    46.7
   12     sklearn    1.0   0.923   1.000   0.857    6    0    1   0.811    28.9
   12     xgboost    3.0   0.727   1.000   0.571    4    0    3   0.558    45.2
   13     sklearn    4.0   0.667   1.000   0.500    4    0    4   0.607    36.3
   13     xgboost    1.0   0.933   1.000   0.875    7    0    1   0.561    46.5
   14     sklearn    3.0   0.727   0.571   1.000    4    3    0   0.641    45.5
   14     xgboost    2.0   0.750   0.750   0.750    3    1    1   0.276    40.7

================================================================================
SUMMARY (mean ± std across 15 seeds)

           shd            f1        precision        recall        mean_r2        elapsed_s        
          mean    std   mean    std      mean    std   mean    std    mean    std      mean     std
backend                                                                                            
sklearn  1.667  1.543  0.820  0.151     0.938  0.134  0.762  0.216   0.557  0.193    33.713  18.182
xgboost  1.467  1.246  0.844  0.132     0.972  0.075  0.769  0.193   0.408  0.132    45.127   5.055

--- Decision gate ---
  SHD(XGBoost) - SHD(sklearn) = -0.20  [PASS]
  (Gate: |diff| ≤ 0.5 on Config D for XGBoost to remain a candidate)

Results saved to experiments/config_d_results.csv
